DEBUT_DESC
01.txt
0 4159052161
1 32767
2 4159050192
3 32767
4 1433164704
5 21845
6 1433164640
7 21845
8 1920213093
9 1767994977
10 1701060716
11 1629973536
12 1852403044
13 1920234345
14 1769108577
15 1780508003
16 1667851557
17 1919508841
18 1293954149
19 1867325541
20 1970369221
21 1699493368
22 1851880039
23 1663052900
24 1735549288
25 1679844997
26 1634476133
27 1936289056
28 1852121189
29 1852793632
30 1836216166
31 543519849
32 544433508
33 1952543859
34 544437365
35 1814062436
36 1179000934
37 1986077962
38 1814061925
39 1869357153
40 1629498473
41 1953404348
42 543523746
43 1987407726
44 1701604453
45 1818566771
46 1769235548
47 544435824
48 1699940910
49 544108396
50 1851880006
51 544434531
52 1634493764
53 1701999732
54 1634476076
55 1969582624
56 1953067891
57 1701060868
58 543257768
59 1936943469
60 544108393
61 1293968741
62 1699491673
63 1851880534
endDoc
60.txt
0 4159053795
1 44108
2 4159049776
3 32767
endDoc
END_DESC
